N <- 100
y <- structure(c(1.83450476627, 0.397531956031, 4.05277873149, -2.93478959295, 5.55864895405, -1.95154107551, 6.07929931706, -2.57071752414, 8.17808832576, -2.23852483697, 3.84138674136, -4.1996747203, 7.30498853126, -5.58098455038, 10.7210170646, -11.3692163649, 10.6418834551, -9.31276491939, 10.3351603622, -13.7405828451, 12.8299560176, -9.2528431679, 12.3377565966, -7.45507334527, 12.5749765833, -10.669524426, 11.2956712677, -7.60351954454, 9.93245683663, -6.76101346901, 9.97771922133, -10.852577668, 10.875989467, -6.16631232633, 9.48982461584, -3.29055191436, 9.03212484798, -6.40270792193, 8.2689614629, -3.64671078808, 6.20892835441, -3.89139022567, 7.53841385286, -5.57859125634, 9.6767622343, -4.4593083637, 6.48083777577, -4.61340537672, 1.3727625463, 0.140954480764, 6.88320711972, -2.54346415876, 4.81703766678, -3.45673520608, 3.57617318929, -1.95341790932, 3.70830288624, 1.42313618866, -1.73438218299, 3.50767574313, 4.95472770384, 0.368242150194, 3.16388036099, -2.90563332507, 3.85379488594, -4.2898454144, 4.45174885288, -4.84605631188, 6.37952122141, -7.71577931911, 8.11705060658, -3.04707182804, 5.45807378083, -1.82474082966, 9.15318267636, -2.46204166215, 5.64958297303, -0.237739560726, 5.47825418104, -3.76872316968, 5.16287100299, -5.84859087777, 7.94975540619, -7.25934697182, 8.99996972582, -8.33000979935, 10.951163947, -4.95113321946, 8.71539375082, -5.73931350365, 10.0245893908, -8.92684943171, 14.7736871203, -10.331602298, 10.3218533514, -9.84720693226, 12.1253458889, -6.6469678085, 11.4759769591, -6.15407731498), .Dim=c(100))
# x <- structure(c(1.23, -7.81042190255, 6.9410436442, -9.64280736343, 10.7610843302, -7.35194144815, 8.58476508074, -13.5343271933, 10.9648681231, -10.1889274882, 9.7108206461, -12.3898301223, 15.5384825058, -17.4332306194, 25.1452605947, -28.6552178734, 30.5241953488, -28.594729406, 29.776674798, -33.61650245, 26.731069942, -28.1796382946, 30.0754231756, -24.7942926217, 24.7584074783, -28.3656893294, 29.92302134, -22.6154562734, 24.6813235767, -21.9026879327, 22.375707586, -24.9072397684, 24.8234284317, -15.9807507903, 19.7666534484, -21.9816530194, 23.8789884666, -19.3779538554, 16.0031986261, -13.2607774196, 11.0505294261, -13.6834209048, 18.3675349238, -15.0696788082, 14.7211601737, -14.2164414471, 16.3072313422, -11.6860641263, 4.33911225272, -7.65900942852, 11.2984751372, -10.035642646, 9.35915021542, -8.25163007792, 9.86228414903, -5.67287884462, 1.94893482628, -0.767730967215, -1.02719244069, -3.7838499146, 7.9014963161, -3.71317551605, 3.89781806237, -4.36510443713, 4.81492678212, -10.6769757727, 12.8102689374, -11.1299587028, 12.1568575265, -14.3949377239, 13.8944688079, -12.0303461411, 13.1049631392, -16.3429191506, 14.2740601744, -9.43032925371, 6.58371642877, -5.59450730379, 6.95527380502, -7.47950113738, 10.5768953231, -15.8959453346, 18.2677932559, -18.6328948578, 23.324433876, -25.0614064839, 23.197177218, -21.3919700705, 20.3707964, -19.0855611725, 22.7664357557, -24.7868538148, 30.7022491225, -29.2688333405, 26.0173107581, -27.0528750051, 23.4725824408, -17.5623434377, 22.12850712, -20.1925342498), .Dim=c(100))
